0.000000
0.000000
0.000000
0.000000
0.000000
0.000000
0.000000
0.000000
0.000000
0.000000
0.000000
0.000000
0.000000
0.000000
0.000000
0.000000
0.000000
0.000000
0.000000
0.000000
0.000000
0.000000
0.000000
0.000000
0.000000
0.000000
0.000000
0.000000
0.000000
0.000000
0.000000
0.000000
0.000000
0.000000
0.000000
0.000000
0.000000
0.000000
0.000000
0.000000
0.000000
0.000000
0.000000
0.000000
0.000000
0.000000
0.000000
0.000000
0.000000
0.000000
0.000000
0.000000
0.000000
0.000000
0.000000
0.000000
0.000040
0.000040
0.000040
0.000040
0.000080
0.000295
0.000295
0.000738
0.001221
0.001221
0.001221
0.001731
0.002844
0.002844
0.002844
0.004240
0.005957
0.005957
0.007875
0.010344
0.010344
0.013819
0.017414
0.017414
0.021708
0.021708
0.026591
0.031891
0.038049
0.038049
0.045441
0.053263
0.053263
0.061085
0.061085
0.070154
0.070154
0.080028
0.088816
0.096531
0.096531
0.103547
0.110162
0.115957
0.115957
0.121807
0.127536
0.132419
0.132419
0.137222
0.141797
0.146466
0.151135
0.155388
0.159909
0.159909
0.163746
0.170830
0.170830
0.170830
0.173701
0.176197
0.176197
0.178813
0.181402
0.185749
0.187735
0.189734
0.189734
0.191371
0.194631
0.194631
0.197730
0.199152
0.199152
0.200386
0.201688
0.202627
0.204787
0.205780
0.205780
0.206947
0.208705
0.209805
0.210529
0.210529
0.210529
0.212112
0.213199
0.213897
0.214661
0.215426
0.216271
0.217371
0.219089
0.219853
0.220471
0.220471
0.221893
0.222483
0.223073
0.223704
0.224549
0.225260
0.226589
0.227139
0.227944
0.228574
0.229258
0.230412
0.230412
0.231056
0.231687
0.231687
0.232921
0.233592
0.234303
0.235470
0.235470
0.235980
0.237187
0.237724
0.238395
0.238864
0.239374
0.240018
0.241279
0.241856
0.241856
0.242997
0.243426
0.244687
0.245291
0.245291
0.246458
0.247169
0.247169
0.247733
0.248242
0.248900
0.250067
0.250671
0.252160
0.252160
0.252898
0.254749
0.255863
0.257527
0.259257
0.259257
0.260237
0.262303
0.263228
0.264315
0.265590
0.268219
0.269655
0.271023
0.272660
0.276672
0.278952
0.278952
0.281985
0.285003
0.290558
0.294328
0.309126
0.309126
0.335449
0.364938
0.497974
0.731365
0.731365
0.816505
0.857277
0.893286
0.927136
0.982304
0.993439
0.995371
0.995371
0.996042
0.997142
0.997827
0.998336
0.998336
0.998336
0.998672
0.999021
0.999182
0.999249
0.999477
0.999571
0.999571
0.999597
0.999651
0.999664
0.999705
0.999705
0.000000
