0.000000
0.000000
0.000000
0.000000
0.000000
0.000000
0.000000
0.000000
0.000000
0.000000
0.000000
0.000000
0.000000
0.000000
0.000000
0.000000
0.000000
0.000000
0.000000
0.000000
0.000000
0.000000
0.000000
0.000000
0.000000
0.000000
0.000000
0.000000
0.000000
0.000000
0.000000
0.000000
0.000000
0.000000
0.000000
0.000000
0.000000
0.000000
0.000000
0.000000
0.000000
0.000000
0.000000
0.000000
0.000000
0.000000
0.000000
0.000000
0.000000
0.000000
0.000000
0.000000
0.000000
0.000000
0.000000
0.000000
0.999960
0.999960
0.999960
0.999960
0.999919
0.999705
0.999705
0.999262
0.998779
0.998779
0.998779
0.998269
0.997156
0.997156
0.997156
0.995760
0.994043
0.994043
0.992125
0.989656
0.989656
0.986181
0.982586
0.982586
0.978292
0.978292
0.973409
0.968109
0.961951
0.961951
0.954559
0.946737
0.946737
0.938915
0.938915
0.929846
0.929846
0.919972
0.911184
0.903469
0.903469
0.896453
0.889838
0.884043
0.884043
0.878193
0.872464
0.867581
0.867581
0.862778
0.858203
0.853534
0.848865
0.844612
0.840091
0.840091
0.836254
0.829170
0.829170
0.829170
0.826299
0.823803
0.823803
0.821187
0.818598
0.814251
0.812265
0.810266
0.810266
0.808629
0.805369
0.805369
0.802270
0.800848
0.800848
0.799614
0.798312
0.797373
0.795213
0.794220
0.794220
0.793053
0.791295
0.790195
0.789471
0.789471
0.789471
0.787888
0.786801
0.786103
0.785339
0.784574
0.783729
0.782629
0.780911
0.780146
0.779529
0.779529
0.778107
0.777517
0.776927
0.776296
0.775451
0.774740
0.773412
0.772861
0.772056
0.771426
0.770742
0.769588
0.769588
0.768944
0.768313
0.768313
0.767079
0.766408
0.765697
0.764530
0.764530
0.764020
0.762813
0.762276
0.761605
0.761136
0.760626
0.759982
0.758721
0.758144
0.758144
0.757003
0.756574
0.755313
0.754709
0.754709
0.753542
0.752831
0.752831
0.752267
0.751758
0.751100
0.749933
0.749329
0.747840
0.747840
0.747102
0.745251
0.744137
0.742473
0.740743
0.740743
0.739763
0.737697
0.736772
0.735685
0.734410
0.731781
0.730345
0.728977
0.727340
0.723328
0.721048
0.721048
0.718015
0.714997
0.709442
0.705672
0.690874
0.690874
0.664551
0.635062
0.502026
0.268635
0.268635
0.183495
0.142723
0.106714
0.072864
0.017696
0.006561
0.004629
0.004629
0.003958
0.002858
0.002173
0.001664
0.001664
0.001664
0.001328
0.000979
0.000818
0.000751
0.000523
0.000429
0.000429
0.000403
0.000349
0.000336
0.000295
0.000295
0.000000
