-1.#IND00
-1.#IND00
-1.#IND00
-1.#IND00
-1.#IND00
-1.#IND00
-1.#IND00
-1.#IND00
-1.#IND00
-1.#IND00
-1.#IND00
-1.#IND00
-1.#IND00
-1.#IND00
-1.#IND00
-1.#IND00
-1.#IND00
-1.#IND00
-1.#IND00
-1.#IND00
-1.#IND00
-1.#IND00
-1.#IND00
-1.#IND00
-1.#IND00
-1.#IND00
-1.#IND00
-1.#IND00
-1.#IND00
-1.#IND00
-1.#IND00
-1.#IND00
-1.#IND00
-1.#IND00
-1.#IND00
-1.#IND00
-1.#IND00
-1.#IND00
-1.#IND00
-1.#IND00
-1.#IND00
-1.#IND00
-1.#IND00
-1.#IND00
-1.#IND00
-1.#IND00
-1.#IND00
-1.#IND00
-1.#IND00
-1.#IND00
-1.#IND00
-1.#IND00
-1.#IND00
-1.#IND00
-1.#IND00
-1.#IND00
56.000000
0.000000
0.000000
0.000000
30.000000
44.363636
0.000000
37.799999
25.318680
0.000000
0.000000
19.736433
26.622641
0.000000
0.000000
23.367088
20.756758
0.000000
18.027258
17.898834
0.000000
19.362137
16.104778
0.000000
15.822004
0.000000
15.059537
13.792596
13.595204
0.000000
13.990552
12.776071
0.000000
11.396222
0.000000
11.764391
0.000000
11.474936
9.300604
7.592078
0.000000
6.573076
5.884058
4.948282
0.000000
4.850314
4.581738
3.798582
0.000000
3.675205
3.420002
3.410827
3.336351
2.983336
3.110160
0.000000
2.624498
4.685777
0.000000
0.000000
1.917355
1.657047
0.000000
1.741071
1.712891
2.831636
1.290359
1.295927
0.000000
1.069125
2.110567
0.000000
2.006242
0.921180
0.000000
0.806909
0.851726
0.616434
1.413391
0.651323
0.000000
0.772707
1.162124
0.728866
0.481774
0.000000
0.000000
1.067299
0.734000
0.472935
0.520125
0.521828
0.578412
0.754104
1.175750
0.525233
0.425485
0.000000
0.987000
0.411265
0.412822
0.442545
0.594730
0.501906
0.937889
0.389900
0.572101
0.449668
0.489466
0.826249
0.000000
0.465451
0.457235
0.000000
0.900870
0.491069
0.521988
0.857558
0.000000
0.378077
0.895978
0.399571
0.500872
0.351887
0.383365
0.485634
0.951290
0.436512
0.000000
0.868209
0.328042
0.963812
0.462725
0.000000
0.899837
0.549476
0.000000
0.438993
0.398422
0.515039
0.914856
0.474470
1.169354
0.000000
0.583554
1.460818
0.879136
1.311383
1.361830
0.000000
0.775275
1.630505
0.731499
0.859297
1.007779
2.068628
1.128613
1.075492
1.284653
3.117302
1.766064
0.000000
2.344086
2.319588
4.205569
2.830750
10.627404
0.000000
17.577412
18.181318
60.377083
72.439453
0.000000
23.878704
10.938841
9.311887
8.470242
13.085705
2.622929
0.456120
0.000000
0.159615
0.262584
0.163888
0.122561
0.000000
0.000000
0.081613
0.085197
0.039476
0.016515
0.056365
0.023301
0.000000
0.006711
0.013475
0.003382
0.010186
0.000000
0.075266
