0.000000
0.000000
0.000000
0.000000
0.000000
0.000000
0.000000
0.000000
0.000000
0.000000
0.000000
0.000000
0.000000
0.000000
0.000000
0.000000
0.000000
0.000000
0.000000
0.000000
0.000000
0.000000
0.000000
0.000000
0.000000
0.000000
0.000000
0.000000
0.000000
0.000000
0.000000
0.000000
0.000000
0.000000
0.000000
0.000000
0.000000
0.000000
0.000000
0.000000
0.000000
0.000000
0.000000
0.000000
0.000000
0.000000
0.000000
0.000000
0.000000
0.000000
0.000000
0.000000
0.000000
0.000000
0.000000
0.000000
0.002254
0.000000
0.000000
0.000000
0.002415
0.013098
0.000000
0.027913
0.030949
0.000000
0.000000
0.034217
0.075938
0.000000
0.000000
0.099488
0.124386
0.000000
0.143099
0.187081
0.000000
0.271311
0.285426
0.000000
0.351079
0.000000
0.411390
0.454344
0.537741
0.000000
0.666011
0.718774
0.000000
0.741423
0.000000
0.887587
0.000000
0.998206
0.906561
0.811170
0.000000
0.759242
0.728443
0.649052
0.000000
0.672747
0.669752
0.579779
0.000000
0.584531
0.565073
0.585297
0.594016
0.548861
0.592012
0.000000
0.513902
0.965390
0.000000
0.000000
0.403059
0.354413
0.000000
0.379117
0.379579
0.645961
0.298234
0.303457
0.000000
0.253020
0.510054
0.000000
0.494465
0.229076
0.000000
0.202215
0.215182
0.156647
0.363983
0.168756
0.000000
0.201638
0.306511
0.193521
0.128475
0.000000
0.000000
0.287334
0.198892
0.128684
0.142169
0.143282
0.159614
0.209449
0.329863
0.148016
0.120338
0.000000
0.281463
0.117682
0.118531
0.127528
0.172218
0.145932
0.274776
0.114589
0.168908
0.133237
0.145593
0.247376
0.000000
0.139861
0.137880
0.000000
0.273546
0.149672
0.159728
0.264122
0.000000
0.116775
0.278594
0.124611
0.156781
0.110432
0.120648
0.153374
0.302518
0.139252
0.000000
0.278693
0.105547
0.312231
0.150392
0.000000
0.294306
0.180404
0.000000
0.144567
0.131565
0.170674
0.305061
0.158723
0.394288
0.000000
0.197536
0.499352
0.302281
0.454853
0.476636
0.000000
0.272729
0.579758
0.261345
0.308726
0.364450
0.758214
0.416702
0.399853
0.481582
1.192362
0.683239
0.000000
0.920587
0.924605
1.722423
1.180672
4.755141
0.000000
8.872630
10.447871
59.889786
197.217758
0.000000
106.253822
65.705002
77.948662
107.776756
726.378357
397.175751
98.086479
0.000000
40.168999
91.622330
75.239464
73.545769
0.000000
0.000000
61.360298
86.896065
48.191158
21.960751
107.647804
54.241268
0.000000
16.663366
38.604221
10.076811
34.485744
0.000000
631373.937500
