0
0
0
0
0
0
0
0
0
0
0
0
0
0
0
0
0
0
0
0
0
0
0
0
0
0
0
0
0
0
0
0
0
0
0
0
0
0
0
0
0
0
0
0
0
0
0
0
0
0
0
0
0
0
0
0
3
0
0
0
3
16
0
33
36
0
0
38
83
0
0
104
128
0
143
184
0
259
268
0
320
0
364
395
459
0
551
583
0
583
0
676
0
736
655
575
0
523
493
432
0
436
427
364
0
358
341
348
348
317
337
0
286
528
0
0
214
186
0
195
193
324
148
149
0
122
243
0
231
106
0
92
97
70
161
74
0
87
131
82
54
0
0
118
81
52
57
57
63
82
128
57
46
0
106
44
44
47
63
53
99
41
60
47
51
86
0
48
47
0
92
50
53
87
0
38
90
40
50
35
38
48
94
43
0
85
32
94
45
0
87
53
0
42
38
49
87
45
111
0
55
138
83
124
129
0
73
154
69
81
95
196
107
102
122
299
170
0
226
225
414
281
1103
0
1962
2198
9916
17396
0
6346
3039
2684
2523
4112
830
144
0
50
82
51
38
0
0
25
26
12
5
17
7
0
2
4
1
3
0
22
