0.000000
0.000000
0.000000
0.000000
0.000000
0.000000
0.000000
0.000000
0.000000
0.000000
0.000000
0.000000
0.000000
0.000000
0.000000
0.000000
0.000000
0.000000
0.000000
0.000000
0.000000
0.000000
0.000000
0.000000
0.000000
0.000000
0.000000
0.000000
0.000000
0.000000
0.000000
0.000000
0.000000
0.000000
0.000000
0.000000
0.000000
0.000000
0.000000
0.000000
0.000000
0.000000
0.000000
0.000000
0.000000
0.000000
0.000000
0.000000
0.000000
0.000000
0.000000
0.000000
0.000000
0.000000
0.000000
0.000000
0.000040
0.000000
0.000000
0.000000
0.000040
0.000215
0.000000
0.000443
0.000483
0.000000
0.000000
0.000510
0.001114
0.000000
0.000000
0.001395
0.001717
0.000000
0.001919
0.002469
0.000000
0.003475
0.003596
0.000000
0.004293
0.000000
0.004884
0.005299
0.006158
0.000000
0.007392
0.007822
0.000000
0.007822
0.000000
0.009069
0.000000
0.009874
0.008788
0.007714
0.000000
0.007017
0.006614
0.005796
0.000000
0.005850
0.005729
0.004884
0.000000
0.004803
0.004575
0.004669
0.004669
0.004253
0.004521
0.000000
0.003837
0.007084
0.000000
0.000000
0.002871
0.002495
0.000000
0.002616
0.002589
0.004347
0.001986
0.001999
0.000000
0.001637
0.003260
0.000000
0.003099
0.001422
0.000000
0.001234
0.001301
0.000939
0.002160
0.000993
0.000000
0.001167
0.001758
0.001100
0.000724
0.000000
0.000000
0.001583
0.001087
0.000698
0.000765
0.000765
0.000845
0.001100
0.001717
0.000765
0.000617
0.000000
0.001422
0.000590
0.000590
0.000631
0.000845
0.000711
0.001328
0.000550
0.000805
0.000631
0.000684
0.001154
0.000000
0.000644
0.000631
0.000000
0.001234
0.000671
0.000711
0.001167
0.000000
0.000510
0.001207
0.000537
0.000671
0.000470
0.000510
0.000644
0.001261
0.000577
0.000000
0.001140
0.000429
0.001261
0.000604
0.000000
0.001167
0.000711
0.000000
0.000563
0.000510
0.000657
0.001167
0.000604
0.001489
0.000000
0.000738
0.001851
0.001114
0.001664
0.001731
0.000000
0.000979
0.002066
0.000926
0.001087
0.001275
0.002630
0.001436
0.001368
0.001637
0.004011
0.002281
0.000000
0.003032
0.003019
0.005554
0.003770
0.014798
0.000000
0.026323
0.029489
0.133036
0.233391
0.000000
0.085140
0.040772
0.036009
0.033849
0.055168
0.011136
0.001932
0.000000
0.000671
0.001100
0.000684
0.000510
0.000000
0.000000
0.000335
0.000349
0.000161
0.000067
0.000228
0.000094
0.000000
0.000027
0.000054
0.000013
0.000040
0.000000
0.000295
