-431602080.000000
-431602080.000000
-431602080.000000
-431602080.000000
-431602080.000000
-431602080.000000
-431602080.000000
-431602080.000000
-431602080.000000
-431602080.000000
-431602080.000000
-431602080.000000
-431602080.000000
-431602080.000000
-431602080.000000
-431602080.000000
-431602080.000000
-431602080.000000
-431602080.000000
-431602080.000000
-431602080.000000
-431602080.000000
-431602080.000000
-431602080.000000
-431602080.000000
-431602080.000000
-431602080.000000
-431602080.000000
-431602080.000000
-431602080.000000
-431602080.000000
-431602080.000000
-431602080.000000
-431602080.000000
-431602080.000000
-431602080.000000
-431602080.000000
-431602080.000000
-431602080.000000
-431602080.000000
-431602080.000000
-431602080.000000
-431602080.000000
-431602080.000000
-431602080.000000
-431602080.000000
-431602080.000000
-431602080.000000
-431602080.000000
-431602080.000000
-431602080.000000
-431602080.000000
-431602080.000000
-431602080.000000
-431602080.000000
-431602080.000000
0.126211
0.000000
0.000000
0.000000
0.181109
0.857823
0.000000
2.036832
2.699075
0.000000
0.000000
3.425109
7.044092
0.000000
0.000000
10.179790
13.381086
0.000000
16.475985
21.865715
0.000000
32.001160
35.490417
0.000000
44.919033
0.000000
54.391605
61.491936
73.421669
0.000000
92.162910
101.319809
0.000000
108.033043
0.000000
130.586624
0.000000
149.209106
139.200470
127.377594
0.000000
122.367180
118.706680
107.331360
0.000000
112.956154
113.189926
99.286514
0.000000
101.677185
98.998611
102.971352
105.005669
97.823540
105.778404
0.000000
93.594444
172.021667
0.000000
0.000000
75.732338
67.152725
0.000000
72.783768
73.280983
123.664131
58.341690
59.703796
0.000000
50.610737
101.379272
0.000000
99.582916
46.910622
0.000000
42.038261
44.985100
33.032272
76.546700
35.968502
0.000000
43.504280
66.231308
42.230118
28.276089
0.000000
0.000000
64.135345
44.777237
29.214607
32.454350
32.900837
36.843456
48.533176
76.504982
34.718014
28.415051
0.000000
66.900436
28.268127
28.634239
30.972990
41.996078
35.806614
67.490570
28.427452
42.058819
33.387424
36.663921
62.416744
0.000000
35.790100
35.468346
0.000000
70.850937
39.083889
41.905800
69.415466
0.000000
31.138302
74.307030
33.526146
42.351448
30.013441
32.943966
42.046329
82.973404
38.518322
0.000000
77.576614
29.636501
87.600731
42.537788
0.000000
83.744759
51.682766
0.000000
41.851776
38.270481
49.819691
89.122856
46.710243
115.846382
0.000000
58.801609
148.146713
90.344536
135.922928
142.755646
0.000000
82.700783
175.177567
79.719536
94.408638
111.682365
231.020844
128.100021
123.313622
148.682892
363.472504
210.418762
0.000000
283.897614
285.286804
523.289551
361.611267
1359.567139
0.000000
2339.840088
2618.826660
7320.134766
5782.471680
0.000000
4865.020020
3057.128906
2613.217285
2213.648926
16097.160156
892.645020
142.493347
0.000000
63.617455
85.750931
57.379932
43.461300
0.000000
0.000000
30.858353
29.362698
15.896648
7.426040
18.337492
9.300797
0.000000
3.137883
5.801557
1.637184
4.497920
0.000000
-431602080.000000
