0.000000
0.000000
0.000000
0.000000
0.000000
0.000000
0.000000
0.000000
0.000000
0.000000
0.000000
0.000000
0.000000
0.000000
0.000000
0.000000
0.000000
0.000000
0.000000
0.000000
0.000000
0.000000
0.000000
0.000000
0.000000
0.000000
0.000000
0.000000
0.000000
0.000000
0.000000
0.000000
0.000000
0.000000
0.000000
0.000000
0.000000
0.000000
0.000000
0.000000
0.000000
0.000000
0.000000
0.000000
0.000000
0.000000
0.000000
0.000000
0.000000
0.000000
0.000000
0.000000
0.000000
0.000000
0.000000
0.000000
0.126216
0.000000
0.000000
0.000000
0.144896
0.798648
0.000000
1.756971
1.978822
0.000000
0.000000
2.290212
5.152243
0.000000
0.000000
7.043867
8.924868
0.000000
10.548384
13.961133
0.000000
20.743999
22.100559
0.000000
27.840372
0.000000
33.396358
37.298817
44.593731
0.000000
56.393219
61.504326
0.000000
64.891800
0.000000
79.202484
0.000000
90.851044
83.580963
75.750778
0.000000
72.498047
70.330124
63.416397
0.000000
67.045288
67.420555
59.046860
0.000000
60.694271
59.260784
61.943493
63.449982
59.224880
64.422226
0.000000
57.030003
107.233086
0.000000
0.000000
46.430492
41.215446
0.000000
44.827934
45.261757
77.328941
36.206917
37.141304
0.000000
31.499546
63.747486
0.000000
62.803432
29.445936
0.000000
26.408417
28.311550
20.785000
48.509113
22.725100
0.000000
27.543095
42.110783
26.824572
17.953545
0.000000
0.000000
40.923866
28.561335
18.626120
20.716259
21.021444
23.571917
31.120232
49.262058
22.306667
18.262428
0.000000
43.186977
18.212955
18.462715
19.989315
27.151081
23.160643
43.813251
18.422539
27.306124
21.682159
23.834803
40.694794
0.000000
23.317701
23.125910
0.000000
46.353306
25.549091
27.422226
45.553719
0.000000
20.408405
48.877380
22.025032
27.857922
19.742857
21.687483
27.713593
54.875401
25.444376
0.000000
51.403069
19.609446
58.192448
28.228474
0.000000
55.745071
34.392071
0.000000
27.859591
25.489065
33.223148
59.605995
31.218075
77.758385
0.000000
39.429234
99.871651
60.878094
91.921761
96.779816
0.000000
56.033493
119.338623
54.223160
64.333282
76.269096
158.835342
87.993851
84.849174
102.595200
253.522232
146.647476
0.000000
198.996674
200.782410
373.022766
258.148041
1010.902954
0.000000
1833.140259
2137.523682
7312.013672
770.610535
0.000000
6990.770020
7711.151855
7904.437500
7168.740234
758869.625000
45193.722656
7824.092285
0.000000
6566.435547
8248.481445
8442.407227
8490.555664
0.000000
0.000000
8331.107422
8789.910156
7618.868652
4480.848633
8463.224609
8211.087891
0.000000
3629.013672
6938.296387
2340.332520
6508.465820
0.000000
986208914112512.000000
