-1.#IND00
-1.#IND00
-1.#IND00
-1.#IND00
-1.#IND00
-1.#IND00
-1.#IND00
-1.#IND00
-1.#IND00
-1.#IND00
-1.#IND00
-1.#IND00
-1.#IND00
-1.#IND00
-1.#IND00
-1.#IND00
-1.#IND00
-1.#IND00
-1.#IND00
-1.#IND00
-1.#IND00
-1.#IND00
-1.#IND00
-1.#IND00
-1.#IND00
-1.#IND00
-1.#IND00
-1.#IND00
-1.#IND00
-1.#IND00
-1.#IND00
-1.#IND00
-1.#IND00
-1.#IND00
-1.#IND00
-1.#IND00
-1.#IND00
-1.#IND00
-1.#IND00
-1.#IND00
-1.#IND00
-1.#IND00
-1.#IND00
-1.#IND00
-1.#IND00
-1.#IND00
-1.#IND00
-1.#IND00
-1.#IND00
-1.#IND00
-1.#IND00
-1.#IND00
-1.#IND00
-1.#IND00
-1.#IND00
-1.#IND00
0.000000
0.000000
0.000000
0.000000
450.000000
201.286270
0.000000
381.024017
591.920898
0.000000
0.000000
658.031799
670.297729
0.000000
0.000000
746.724670
757.007568
0.000000
763.222473
778.132263
0.000000
835.368896
790.996216
0.000000
814.598877
0.000000
822.953308
795.926636
802.252197
0.000000
843.558838
809.032471
0.000000
771.146057
0.000000
811.650085
0.000000
820.067566
709.812988
610.574463
0.000000
554.105469
509.472168
442.132782
0.000000
443.960388
426.295563
362.927612
0.000000
359.355072
339.504761
342.061890
338.407349
307.626648
323.044891
0.000000
280.329193
486.490234
0.000000
0.000000
215.121475
188.421783
0.000000
201.169174
199.720795
326.779236
154.111389
156.057846
0.000000
131.364334
257.097076
0.000000
248.812073
117.141151
0.000000
104.406929
110.981651
81.227463
185.420090
87.082268
0.000000
104.670021
157.683380
100.252602
66.984962
0.000000
0.000000
150.354019
104.621269
68.128937
75.398148
76.165138
84.937141
111.227089
173.608582
78.759468
64.312202
0.000000
150.055969
63.408173
64.059914
69.088463
93.261299
79.300011
148.308044
62.470158
92.026955
72.892097
79.794029
134.969116
0.000000
77.297653
76.397995
0.000000
151.529007
83.491165
89.237816
146.890350
0.000000
65.877930
156.090683
70.405121
88.654221
62.740398
68.712090
87.428780
171.329605
79.501038
0.000000
159.114609
60.800838
178.379730
86.564590
0.000000
169.353394
104.346970
0.000000
84.340591
76.976692
99.902748
177.641769
93.020920
228.805328
0.000000
116.030800
289.371857
176.043060
262.782440
274.116547
0.000000
158.506729
332.218353
151.083405
178.119247
209.607315
427.963959
236.725311
226.772171
271.624969
650.925720
375.257385
0.000000
500.080414
497.285767
890.189697
609.672180
2138.806885
0.000000
3343.654053
3456.387207
7328.322266
7623.363281
0.000000
4387.294434
2282.307861
1981.118774
1824.225342
2716.114746
600.082947
106.772514
0.000000
37.777893
62.357075
39.115517
29.384579
0.000000
0.000000
19.818554
20.773476
9.668587
4.062022
13.915726
5.777503
0.000000
1.677627
3.381787
0.852254
2.576852
0.000000
19.181412
